
1.3 1. b, d, e DWORD

1000000
0000 0000 0000 1111 0100 0010 0100 0000
1111 1111 1111 0000 1011 1101 1011 1111

-55555
1111 1111 1111 1111 0010 0110 111 11100
0000 0000 0000 0000 1101 1001 0000 0011

-4
1111 1111 1111 1111 1111 1111 1111 1011
0000 0000 0000 0000 0000 0000 0000 0100



1.3 2. b, e, f WORD

15000
1100 0101 0110 0111

-923
0000 0011 1001 1011

-32767
0111 1111 1111 1111


1.3 3. d, e BYTE

-55
0011 0111

99
1001 1100

1.3 4. a, e

00 00 F3 E1 DWORD
0000 0000 0000 0000 1111 0011 1110 0001 = 62433
                    0000 1100 0001 1110 = -3102 


56 28 7F 1E
0101 0110 0010 1000 0111 1111 0001 1110 = 1445494558
                                   0001 = -1

1.3 5. e, f

AB 05 = 1010 1011 0000 0101 = -43781
        0101 0100 1111 1010 = 21754

53 D2